0 0.629687 0.628472 0.106250 0.173611
0 0.488281 0.444444 0.060937 0.097222
1 0.352344 0.690972 0.070312 0.180556
0 0.580469 0.513889 0.076563 0.104167
0 0.296875 0.331597 0.034375 0.052083
0 0.350000 0.369792 0.046875 0.079861
2 0.972656 0.892361 0.054688 0.125000
2 0.583594 0.720486 0.048438 0.121528
2 0.767188 0.814236 0.043750 0.100694
2 0.416406 0.583333 0.029687 0.111111
2 0.379688 0.458333 0.025000 0.069444
2 0.286719 0.482639 0.023438 0.090278
2 0.227344 0.826389 0.054688 0.152778
2 0.767969 0.684028 0.045312 0.104167
2 0.836719 0.713542 0.064062 0.121528
2 0.946875 0.762153 0.081250 0.121528
0 0.410156 0.322917 0.045312 0.062500
2 0.489063 0.513889 0.025000 0.090278
2 0.318750 0.614583 0.025000 0.090278
2 0.463281 0.309028 0.017188 0.062500
2 0.500000 0.381944 0.021875 0.055556
2 0.553125 0.425347 0.021875 0.045139
