0 0.754687 0.737847 0.162500 0.190972
0 0.357031 0.470486 0.045312 0.107639
0 0.519531 0.491319 0.067187 0.107639
0 0.310156 0.376736 0.035937 0.065972
2 0.299219 0.767361 0.035937 0.069444
0 0.439844 0.376736 0.051562 0.072917
0 0.413281 0.234375 0.026562 0.038194
0 0.638281 0.609375 0.101562 0.135417
1 0.185156 0.888889 0.217188 0.138889
2 0.460156 0.677083 0.032813 0.111111
2 0.553906 0.607639 0.032813 0.097222
2 0.569531 0.463542 0.026562 0.072917
2 0.522656 0.390625 0.023438 0.059028
2 0.480469 0.342014 0.017188 0.059028
2 0.394531 0.413194 0.014063 0.062500
2 0.293750 0.664931 0.028125 0.093750
2 0.964844 0.855903 0.067187 0.121528
2 0.716406 0.605903 0.026562 0.086806
2 0.346094 0.305556 0.010937 0.041667
2 0.362500 0.289931 0.015625 0.038194
