0 0.528125 0.529514 0.068750 0.121528
0 0.626563 0.628472 0.106250 0.159722
0 0.380469 0.654514 0.064062 0.114583
0 0.424219 0.437500 0.048438 0.097222
1 0.335938 0.491319 0.056250 0.135417
0 0.304688 0.394097 0.037500 0.065972
0 0.282813 0.340278 0.037500 0.069444
2 0.770312 0.696181 0.050000 0.086806
0 0.359375 0.348958 0.040625 0.065972
0 0.971094 0.769097 0.057813 0.156250
2 0.704688 0.637153 0.037500 0.086806
2 0.646875 0.901042 0.037500 0.086806
2 0.464062 0.616319 0.037500 0.086806
2 0.583594 0.493056 0.023438 0.062500
2 0.977344 0.920139 0.045312 0.104167
0 0.171875 0.899306 0.143750 0.152778
